8706 6789 10
9812 29292 10
9812 29292 112.2
9812 29292 112.2
189282 23892 10
189282 23892 39717.8
189282 23892 39717.8
189282 23892 3.98031e+07
189282 23892 3.98031e+07
189282 23892 4.41517e+07
189282 23892 4.41517e+07
78678 58788 10
242 14 10
87660 787 10
2342 2423 10
89789 56477 10
89789 56477 112.2
89789 56477 112.2
89789 56477 94.044
89789 56477 94.044
8282 20932 10
8282 20932 520.2
8282 20932 520.2
8282 20932 428.604
8282 20932 428.604
2983 23982 10
289238 28932 10
289238 28932 112.2
289238 28932 112.2
38843983 9388493 10
38843983 9388493 110
38934 983948 10
38934 983948 217.8
38934 983948 217.8
23892 239832 10
23892 239832 112.2
23892 239832 112.2
23892 239832 104.244
23892 239832 104.244
23892 239832 116.529
23892 239832 116.529
38 329 10
38 329 20.4
38 329 20.4
38 329 11.628
38 329 11.628
38 329 113.861
38 329 113.861
39232 23 10
39232 23 112.2
39232 23 112.2
39232 23 544.884
39232 23 544.884
39232 23 533.342
39232 23 533.342
39232 23 545.029
39232 23 545.029
39232 23 657.929
39232 23 657.929
2893982 329823 10
2893982 329823 1030.2
2893982 329823 1030.2
2893982 329823 948.804
2893982 329823 948.804
38982 382 10
38982 382 112.2
38982 382 112.2
8923 32982 10
8923 32982 112.2
8923 32982 112.2
8923 32982 12.444
8923 32982 12.444
